(kicad_pcb (version 20171130) (host pcbnew "(5.1.9)-1")

  (general
    (thickness 1.6)
    (drawings 6)
    (tracks 272)
    (zones 0)
    (modules 33)
    (nets 45)
  )

  (page A4)
  (layers
    (0 F.Cu signal)
    (31 B.Cu signal)
    (32 B.Adhes user)
    (33 F.Adhes user)
    (34 B.Paste user)
    (35 F.Paste user)
    (36 B.SilkS user)
    (37 F.SilkS user)
    (38 B.Mask user)
    (39 F.Mask user)
    (40 Dwgs.User user)
    (41 Cmts.User user)
    (42 Eco1.User user)
    (43 Eco2.User user)
    (44 Edge.Cuts user)
    (45 Margin user)
    (46 B.CrtYd user)
    (47 F.CrtYd user)
    (48 B.Fab user)
    (49 F.Fab user)
  )

  (setup
    (last_trace_width 0.25)
    (trace_clearance 0.2)
    (zone_clearance 0.508)
    (zone_45_only no)
    (trace_min 0.2)
    (via_size 0.8)
    (via_drill 0.4)
    (via_min_size 0.4)
    (via_min_drill 0.3)
    (uvia_size 0.3)
    (uvia_drill 0.1)
    (uvias_allowed no)
    (uvia_min_size 0.2)
    (uvia_min_drill 0.1)
    (edge_width 0.05)
    (segment_width 0.2)
    (pcb_text_width 0.3)
    (pcb_text_size 1.5 1.5)
    (mod_edge_width 0.12)
    (mod_text_size 1 1)
    (mod_text_width 0.15)
    (pad_size 1.524 1.524)
    (pad_drill 0.762)
    (pad_to_mask_clearance 0)
    (aux_axis_origin 0 0)
    (visible_elements 7FFFFFFF)
    (pcbplotparams
      (layerselection 0x010fc_ffffffff)
      (usegerberextensions false)
      (usegerberattributes true)
      (usegerberadvancedattributes true)
      (creategerberjobfile true)
      (excludeedgelayer true)
      (linewidth 0.100000)
      (plotframeref false)
      (viasonmask false)
      (mode 1)
      (useauxorigin false)
      (hpglpennumber 1)
      (hpglpenspeed 20)
      (hpglpendiameter 15.000000)
      (psnegative false)
      (psa4output false)
      (plotreference true)
      (plotvalue true)
      (plotinvisibletext false)
      (padsonsilk false)
      (subtractmaskfromsilk false)
      (outputformat 1)
      (mirror false)
      (drillshape 0)
      (scaleselection 1)
      (outputdirectory "gerbers/"))
  )

  (net 0 "")
  (net 1 "Net-(D1-Pad1)")
  (net 2 FLOW_PULSE)
  (net 3 ADC1)
  (net 4 +3V3)
  (net 5 GND)
  (net 6 ADC0)
  (net 7 +12V)
  (net 8 "Net-(J5-Pad1)")
  (net 9 "Net-(J4-Pad1)")
  (net 10 PUMP_EN)
  (net 11 +5V)
  (net 12 VBUS)
  (net 13 "Net-(U1-Pad43)")
  (net 14 "Net-(U1-Pad41)")
  (net 15 MISO0)
  (net 16 SPI_CS0)
  (net 17 SCK0)
  (net 18 ~RESET)
  (net 19 "Net-(U1-Pad37)")
  (net 20 "Net-(U1-Pad20)")
  (net 21 "Net-(U1-Pad15)")
  (net 22 "Net-(U1-Pad14)")
  (net 23 "Net-(U1-Pad12)")
  (net 24 "Net-(U1-Pad11)")
  (net 25 SCL0)
  (net 26 SDA0)
  (net 27 "Net-(U1-Pad7)")
  (net 28 "Net-(U1-Pad6)")
  (net 29 "Net-(U1-Pad5)")
  (net 30 "Net-(U1-Pad4)")
  (net 31 UART_RX0)
  (net 32 UART_TX0)
  (net 33 SDA_5V)
  (net 34 SCL_5V)
  (net 35 MOSI0)
  (net 36 HC05_RX)
  (net 37 HC05_TX)
  (net 38 ~HC05_KEY)
  (net 39 ~UART_KEY)
  (net 40 "Net-(U1-Pad2)")
  (net 41 "Net-(U1-Pad1)")
  (net 42 "Net-(U1-Pad34)")
  (net 43 ONE_WIRE)
  (net 44 "Net-(U3-Pad3)")

  (net_class Default "This is the default net class."
    (clearance 0.2)
    (trace_width 0.25)
    (via_dia 0.8)
    (via_drill 0.4)
    (uvia_dia 0.3)
    (uvia_drill 0.1)
    (add_net +12V)
    (add_net +3V3)
    (add_net +5V)
    (add_net ADC0)
    (add_net ADC1)
    (add_net FLOW_PULSE)
    (add_net GND)
    (add_net HC05_RX)
    (add_net HC05_TX)
    (add_net MISO0)
    (add_net MOSI0)
    (add_net "Net-(D1-Pad1)")
    (add_net "Net-(J4-Pad1)")
    (add_net "Net-(J5-Pad1)")
    (add_net "Net-(J5-Pad4)")
    (add_net "Net-(J8-Pad6)")
    (add_net "Net-(U1-Pad1)")
    (add_net "Net-(U1-Pad11)")
    (add_net "Net-(U1-Pad12)")
    (add_net "Net-(U1-Pad14)")
    (add_net "Net-(U1-Pad15)")
    (add_net "Net-(U1-Pad2)")
    (add_net "Net-(U1-Pad20)")
    (add_net "Net-(U1-Pad34)")
    (add_net "Net-(U1-Pad37)")
    (add_net "Net-(U1-Pad4)")
    (add_net "Net-(U1-Pad41)")
    (add_net "Net-(U1-Pad43)")
    (add_net "Net-(U1-Pad5)")
    (add_net "Net-(U1-Pad6)")
    (add_net "Net-(U1-Pad7)")
    (add_net "Net-(U3-Pad3)")
    (add_net ONE_WIRE)
    (add_net PUMP_EN)
    (add_net SCK0)
    (add_net SCL0)
    (add_net SCL_5V)
    (add_net SDA0)
    (add_net SDA_5V)
    (add_net SPI_CS0)
    (add_net UART_RX0)
    (add_net UART_TX0)
    (add_net VBUS)
    (add_net ~HC05_KEY)
    (add_net ~RESET)
    (add_net ~UART_KEY)
  )

  (module "SnapEDA Library:SOIC127P429X150-N" (layer F.Cu) (tedit 61EC133D) (tstamp 61EC278A)
    (at 58.8 61.976)
    (path /61ECD448)
    (fp_text reference U3 (at -0.468 -2.8064) (layer F.SilkS)
      (effects (font (size 0.64 0.64) (thickness 0.15)))
    )
    (fp_text value DS28E05P (at 4.3088 2.7936) (layer F.Fab)
      (effects (font (size 0.64 0.64) (thickness 0.15)))
    )
    (fp_line (start -1.88 1.97) (end -1.88 -1.97) (layer F.Fab) (width 0.127))
    (fp_line (start -1.88 -1.97) (end 1.88 -1.97) (layer F.Fab) (width 0.127))
    (fp_line (start 1.88 -1.97) (end 1.88 1.97) (layer F.Fab) (width 0.127))
    (fp_line (start 1.88 1.97) (end -1.88 1.97) (layer F.Fab) (width 0.127))
    (fp_line (start -1.88 -1.97) (end 1.88 -1.97) (layer F.SilkS) (width 0.127))
    (fp_line (start -1.88 1.97) (end 1.88 1.97) (layer F.SilkS) (width 0.127))
    (fp_line (start -1.88 1.97) (end -1.88 1.86) (layer F.SilkS) (width 0.127))
    (fp_line (start 1.88 1.97) (end 1.88 1.86) (layer F.SilkS) (width 0.127))
    (fp_line (start -1.88 -1.97) (end -1.88 -1.86) (layer F.SilkS) (width 0.127))
    (fp_line (start 1.88 -1.97) (end 1.88 -1.86) (layer F.SilkS) (width 0.127))
    (fp_line (start -2.51 2.29) (end -2.51 -2.29) (layer F.CrtYd) (width 0.05))
    (fp_line (start -2.51 -2.29) (end 2.51 -2.29) (layer F.CrtYd) (width 0.05))
    (fp_line (start 2.51 -2.29) (end 2.51 2.29) (layer F.CrtYd) (width 0.05))
    (fp_line (start 2.51 2.29) (end -2.51 2.29) (layer F.CrtYd) (width 0.05))
    (fp_circle (center -3 -1.3) (end -2.9 -1.3) (layer F.SilkS) (width 0.2))
    (fp_circle (center -3 -1.3) (end -2.9 -1.3) (layer F.Fab) (width 0.2))
    (pad 6 smd rect (at 1.525 -1.27) (size 1.33 0.53) (layers F.Cu F.Paste F.Mask)
      (net 44 "Net-(U3-Pad3)"))
    (pad 5 smd rect (at 1.525 0) (size 1.33 0.53) (layers F.Cu F.Paste F.Mask)
      (net 44 "Net-(U3-Pad3)"))
    (pad 4 smd rect (at 1.525 1.27) (size 1.33 0.53) (layers F.Cu F.Paste F.Mask)
      (net 44 "Net-(U3-Pad3)"))
    (pad 3 smd rect (at -1.525 1.27) (size 1.33 0.53) (layers F.Cu F.Paste F.Mask)
      (net 44 "Net-(U3-Pad3)"))
    (pad 2 smd rect (at -1.525 0) (size 1.33 0.53) (layers F.Cu F.Paste F.Mask)
      (net 43 ONE_WIRE))
    (pad 1 smd rect (at -1.525 -1.27) (size 1.33 0.53) (layers F.Cu F.Paste F.Mask)
      (net 5 GND))
  )

  (module Resistor_SMD:R_0805_2012Metric_Pad1.20x1.40mm_HandSolder (layer F.Cu) (tedit 5F68FEEE) (tstamp 61EC2556)
    (at 54.61 62.119 270)
    (descr "Resistor SMD 0805 (2012 Metric), square (rectangular) end terminal, IPC_7351 nominal with elongated pad for handsoldering. (Body size source: IPC-SM-782 page 72, https://www.pcb-3d.com/wordpress/wp-content/uploads/ipc-sm-782a_amendment_1_and_2.pdf), generated with kicad-footprint-generator")
    (tags "resistor handsolder")
    (path /61EE49D5)
    (attr smd)
    (fp_text reference R14 (at -2.683 0 180) (layer F.SilkS)
      (effects (font (size 1 1) (thickness 0.15)))
    )
    (fp_text value 10k (at 0 1.65 90) (layer F.Fab)
      (effects (font (size 1 1) (thickness 0.15)))
    )
    (fp_text user %R (at 0 0 90) (layer F.Fab)
      (effects (font (size 0.5 0.5) (thickness 0.08)))
    )
    (fp_line (start -1 0.625) (end -1 -0.625) (layer F.Fab) (width 0.1))
    (fp_line (start -1 -0.625) (end 1 -0.625) (layer F.Fab) (width 0.1))
    (fp_line (start 1 -0.625) (end 1 0.625) (layer F.Fab) (width 0.1))
    (fp_line (start 1 0.625) (end -1 0.625) (layer F.Fab) (width 0.1))
    (fp_line (start -0.227064 -0.735) (end 0.227064 -0.735) (layer F.SilkS) (width 0.12))
    (fp_line (start -0.227064 0.735) (end 0.227064 0.735) (layer F.SilkS) (width 0.12))
    (fp_line (start -1.85 0.95) (end -1.85 -0.95) (layer F.CrtYd) (width 0.05))
    (fp_line (start -1.85 -0.95) (end 1.85 -0.95) (layer F.CrtYd) (width 0.05))
    (fp_line (start 1.85 -0.95) (end 1.85 0.95) (layer F.CrtYd) (width 0.05))
    (fp_line (start 1.85 0.95) (end -1.85 0.95) (layer F.CrtYd) (width 0.05))
    (pad 2 smd roundrect (at 1 0 270) (size 1.2 1.4) (layers F.Cu F.Paste F.Mask) (roundrect_rratio 0.208333)
      (net 43 ONE_WIRE))
    (pad 1 smd roundrect (at -1 0 270) (size 1.2 1.4) (layers F.Cu F.Paste F.Mask) (roundrect_rratio 0.208333)
      (net 4 +3V3))
    (model ${KISYS3DMOD}/Resistor_SMD.3dshapes/R_0805_2012Metric.wrl
      (at (xyz 0 0 0))
      (scale (xyz 1 1 1))
      (rotate (xyz 0 0 0))
    )
  )

  (module Resistor_SMD:R_0805_2012Metric_Pad1.20x1.40mm_HandSolder (layer B.Cu) (tedit 5F68FEEE) (tstamp 61EC2652)
    (at 37.211 75.946)
    (descr "Resistor SMD 0805 (2012 Metric), square (rectangular) end terminal, IPC_7351 nominal with elongated pad for handsoldering. (Body size source: IPC-SM-782 page 72, https://www.pcb-3d.com/wordpress/wp-content/uploads/ipc-sm-782a_amendment_1_and_2.pdf), generated with kicad-footprint-generator")
    (tags "resistor handsolder")
    (path /620150BB)
    (attr smd)
    (fp_text reference R13 (at 0 1.65) (layer B.SilkS)
      (effects (font (size 1 1) (thickness 0.15)) (justify mirror))
    )
    (fp_text value 4k7 (at 0 -1.65) (layer B.Fab)
      (effects (font (size 1 1) (thickness 0.15)) (justify mirror))
    )
    (fp_line (start 1.85 -0.95) (end -1.85 -0.95) (layer B.CrtYd) (width 0.05))
    (fp_line (start 1.85 0.95) (end 1.85 -0.95) (layer B.CrtYd) (width 0.05))
    (fp_line (start -1.85 0.95) (end 1.85 0.95) (layer B.CrtYd) (width 0.05))
    (fp_line (start -1.85 -0.95) (end -1.85 0.95) (layer B.CrtYd) (width 0.05))
    (fp_line (start -0.227064 -0.735) (end 0.227064 -0.735) (layer B.SilkS) (width 0.12))
    (fp_line (start -0.227064 0.735) (end 0.227064 0.735) (layer B.SilkS) (width 0.12))
    (fp_line (start 1 -0.625) (end -1 -0.625) (layer B.Fab) (width 0.1))
    (fp_line (start 1 0.625) (end 1 -0.625) (layer B.Fab) (width 0.1))
    (fp_line (start -1 0.625) (end 1 0.625) (layer B.Fab) (width 0.1))
    (fp_line (start -1 -0.625) (end -1 0.625) (layer B.Fab) (width 0.1))
    (fp_text user %R (at 0 0) (layer B.Fab)
      (effects (font (size 0.5 0.5) (thickness 0.08)) (justify mirror))
    )
    (pad 2 smd roundrect (at 1 0) (size 1.2 1.4) (layers B.Cu B.Paste B.Mask) (roundrect_rratio 0.208333)
      (net 4 +3V3))
    (pad 1 smd roundrect (at -1 0) (size 1.2 1.4) (layers B.Cu B.Paste B.Mask) (roundrect_rratio 0.208333)
      (net 39 ~UART_KEY))
    (model ${KISYS3DMOD}/Resistor_SMD.3dshapes/R_0805_2012Metric.wrl
      (at (xyz 0 0 0))
      (scale (xyz 1 1 1))
      (rotate (xyz 0 0 0))
    )
  )

  (module Resistor_SMD:R_0805_2012Metric_Pad1.20x1.40mm_HandSolder (layer F.Cu) (tedit 5F68FEEE) (tstamp 61EC2641)
    (at 44.307 37.719)
    (descr "Resistor SMD 0805 (2012 Metric), square (rectangular) end terminal, IPC_7351 nominal with elongated pad for handsoldering. (Body size source: IPC-SM-782 page 72, https://www.pcb-3d.com/wordpress/wp-content/uploads/ipc-sm-782a_amendment_1_and_2.pdf), generated with kicad-footprint-generator")
    (tags "resistor handsolder")
    (path /620150B5)
    (attr smd)
    (fp_text reference R12 (at 0 -1.65) (layer F.SilkS)
      (effects (font (size 1 1) (thickness 0.15)))
    )
    (fp_text value 4k7 (at 0 1.65) (layer F.Fab)
      (effects (font (size 1 1) (thickness 0.15)))
    )
    (fp_line (start 1.85 0.95) (end -1.85 0.95) (layer F.CrtYd) (width 0.05))
    (fp_line (start 1.85 -0.95) (end 1.85 0.95) (layer F.CrtYd) (width 0.05))
    (fp_line (start -1.85 -0.95) (end 1.85 -0.95) (layer F.CrtYd) (width 0.05))
    (fp_line (start -1.85 0.95) (end -1.85 -0.95) (layer F.CrtYd) (width 0.05))
    (fp_line (start -0.227064 0.735) (end 0.227064 0.735) (layer F.SilkS) (width 0.12))
    (fp_line (start -0.227064 -0.735) (end 0.227064 -0.735) (layer F.SilkS) (width 0.12))
    (fp_line (start 1 0.625) (end -1 0.625) (layer F.Fab) (width 0.1))
    (fp_line (start 1 -0.625) (end 1 0.625) (layer F.Fab) (width 0.1))
    (fp_line (start -1 -0.625) (end 1 -0.625) (layer F.Fab) (width 0.1))
    (fp_line (start -1 0.625) (end -1 -0.625) (layer F.Fab) (width 0.1))
    (fp_text user %R (at 0 0) (layer F.Fab)
      (effects (font (size 0.5 0.5) (thickness 0.08)))
    )
    (pad 2 smd roundrect (at 1 0) (size 1.2 1.4) (layers F.Cu F.Paste F.Mask) (roundrect_rratio 0.208333)
      (net 11 +5V))
    (pad 1 smd roundrect (at -1 0) (size 1.2 1.4) (layers F.Cu F.Paste F.Mask) (roundrect_rratio 0.208333)
      (net 38 ~HC05_KEY))
    (model ${KISYS3DMOD}/Resistor_SMD.3dshapes/R_0805_2012Metric.wrl
      (at (xyz 0 0 0))
      (scale (xyz 1 1 1))
      (rotate (xyz 0 0 0))
    )
  )

  (module Resistor_SMD:R_0805_2012Metric_Pad1.20x1.40mm_HandSolder (layer B.Cu) (tedit 5F68FEEE) (tstamp 61EC2630)
    (at 38.973 69.723)
    (descr "Resistor SMD 0805 (2012 Metric), square (rectangular) end terminal, IPC_7351 nominal with elongated pad for handsoldering. (Body size source: IPC-SM-782 page 72, https://www.pcb-3d.com/wordpress/wp-content/uploads/ipc-sm-782a_amendment_1_and_2.pdf), generated with kicad-footprint-generator")
    (tags "resistor handsolder")
    (path /61FEB466)
    (attr smd)
    (fp_text reference R11 (at 0 1.65) (layer B.SilkS)
      (effects (font (size 1 1) (thickness 0.15)) (justify mirror))
    )
    (fp_text value 4k7 (at 0 -1.65) (layer B.Fab)
      (effects (font (size 1 1) (thickness 0.15)) (justify mirror))
    )
    (fp_line (start 1.85 -0.95) (end -1.85 -0.95) (layer B.CrtYd) (width 0.05))
    (fp_line (start 1.85 0.95) (end 1.85 -0.95) (layer B.CrtYd) (width 0.05))
    (fp_line (start -1.85 0.95) (end 1.85 0.95) (layer B.CrtYd) (width 0.05))
    (fp_line (start -1.85 -0.95) (end -1.85 0.95) (layer B.CrtYd) (width 0.05))
    (fp_line (start -0.227064 -0.735) (end 0.227064 -0.735) (layer B.SilkS) (width 0.12))
    (fp_line (start -0.227064 0.735) (end 0.227064 0.735) (layer B.SilkS) (width 0.12))
    (fp_line (start 1 -0.625) (end -1 -0.625) (layer B.Fab) (width 0.1))
    (fp_line (start 1 0.625) (end 1 -0.625) (layer B.Fab) (width 0.1))
    (fp_line (start -1 0.625) (end 1 0.625) (layer B.Fab) (width 0.1))
    (fp_line (start -1 -0.625) (end -1 0.625) (layer B.Fab) (width 0.1))
    (fp_text user %R (at 0 0) (layer B.Fab)
      (effects (font (size 0.5 0.5) (thickness 0.08)) (justify mirror))
    )
    (pad 2 smd roundrect (at 1 0) (size 1.2 1.4) (layers B.Cu B.Paste B.Mask) (roundrect_rratio 0.208333)
      (net 4 +3V3))
    (pad 1 smd roundrect (at -1 0) (size 1.2 1.4) (layers B.Cu B.Paste B.Mask) (roundrect_rratio 0.208333)
      (net 31 UART_RX0))
    (model ${KISYS3DMOD}/Resistor_SMD.3dshapes/R_0805_2012Metric.wrl
      (at (xyz 0 0 0))
      (scale (xyz 1 1 1))
      (rotate (xyz 0 0 0))
    )
  )

  (module Resistor_SMD:R_0805_2012Metric_Pad1.20x1.40mm_HandSolder (layer F.Cu) (tedit 5F68FEEE) (tstamp 61EC261F)
    (at 60.706 36.084 90)
    (descr "Resistor SMD 0805 (2012 Metric), square (rectangular) end terminal, IPC_7351 nominal with elongated pad for handsoldering. (Body size source: IPC-SM-782 page 72, https://www.pcb-3d.com/wordpress/wp-content/uploads/ipc-sm-782a_amendment_1_and_2.pdf), generated with kicad-footprint-generator")
    (tags "resistor handsolder")
    (path /61FEB460)
    (attr smd)
    (fp_text reference R10 (at 0 -1.65 90) (layer F.SilkS)
      (effects (font (size 1 1) (thickness 0.15)))
    )
    (fp_text value 4k7 (at 0 1.65 90) (layer F.Fab)
      (effects (font (size 1 1) (thickness 0.15)))
    )
    (fp_line (start 1.85 0.95) (end -1.85 0.95) (layer F.CrtYd) (width 0.05))
    (fp_line (start 1.85 -0.95) (end 1.85 0.95) (layer F.CrtYd) (width 0.05))
    (fp_line (start -1.85 -0.95) (end 1.85 -0.95) (layer F.CrtYd) (width 0.05))
    (fp_line (start -1.85 0.95) (end -1.85 -0.95) (layer F.CrtYd) (width 0.05))
    (fp_line (start -0.227064 0.735) (end 0.227064 0.735) (layer F.SilkS) (width 0.12))
    (fp_line (start -0.227064 -0.735) (end 0.227064 -0.735) (layer F.SilkS) (width 0.12))
    (fp_line (start 1 0.625) (end -1 0.625) (layer F.Fab) (width 0.1))
    (fp_line (start 1 -0.625) (end 1 0.625) (layer F.Fab) (width 0.1))
    (fp_line (start -1 -0.625) (end 1 -0.625) (layer F.Fab) (width 0.1))
    (fp_line (start -1 0.625) (end -1 -0.625) (layer F.Fab) (width 0.1))
    (fp_text user %R (at 0 0 90) (layer F.Fab)
      (effects (font (size 0.5 0.5) (thickness 0.08)))
    )
    (pad 2 smd roundrect (at 1 0 90) (size 1.2 1.4) (layers F.Cu F.Paste F.Mask) (roundrect_rratio 0.208333)
      (net 11 +5V))
    (pad 1 smd roundrect (at -1 0 90) (size 1.2 1.4) (layers F.Cu F.Paste F.Mask) (roundrect_rratio 0.208333)
      (net 37 HC05_TX))
    (model ${KISYS3DMOD}/Resistor_SMD.3dshapes/R_0805_2012Metric.wrl
      (at (xyz 0 0 0))
      (scale (xyz 1 1 1))
      (rotate (xyz 0 0 0))
    )
  )

  (module Resistor_SMD:R_0805_2012Metric_Pad1.20x1.40mm_HandSolder (layer B.Cu) (tedit 5F68FEEE) (tstamp 61EC260E)
    (at 34.528 66.929)
    (descr "Resistor SMD 0805 (2012 Metric), square (rectangular) end terminal, IPC_7351 nominal with elongated pad for handsoldering. (Body size source: IPC-SM-782 page 72, https://www.pcb-3d.com/wordpress/wp-content/uploads/ipc-sm-782a_amendment_1_and_2.pdf), generated with kicad-footprint-generator")
    (tags "resistor handsolder")
    (path /61FEB45A)
    (attr smd)
    (fp_text reference R9 (at -0.365 1.778) (layer B.SilkS)
      (effects (font (size 1 1) (thickness 0.15)) (justify mirror))
    )
    (fp_text value 4k7 (at 0 -1.65) (layer B.Fab)
      (effects (font (size 1 1) (thickness 0.15)) (justify mirror))
    )
    (fp_line (start 1.85 -0.95) (end -1.85 -0.95) (layer B.CrtYd) (width 0.05))
    (fp_line (start 1.85 0.95) (end 1.85 -0.95) (layer B.CrtYd) (width 0.05))
    (fp_line (start -1.85 0.95) (end 1.85 0.95) (layer B.CrtYd) (width 0.05))
    (fp_line (start -1.85 -0.95) (end -1.85 0.95) (layer B.CrtYd) (width 0.05))
    (fp_line (start -0.227064 -0.735) (end 0.227064 -0.735) (layer B.SilkS) (width 0.12))
    (fp_line (start -0.227064 0.735) (end 0.227064 0.735) (layer B.SilkS) (width 0.12))
    (fp_line (start 1 -0.625) (end -1 -0.625) (layer B.Fab) (width 0.1))
    (fp_line (start 1 0.625) (end 1 -0.625) (layer B.Fab) (width 0.1))
    (fp_line (start -1 0.625) (end 1 0.625) (layer B.Fab) (width 0.1))
    (fp_line (start -1 -0.625) (end -1 0.625) (layer B.Fab) (width 0.1))
    (fp_text user %R (at 0 0) (layer B.Fab)
      (effects (font (size 0.5 0.5) (thickness 0.08)) (justify mirror))
    )
    (pad 2 smd roundrect (at 1 0) (size 1.2 1.4) (layers B.Cu B.Paste B.Mask) (roundrect_rratio 0.208333)
      (net 4 +3V3))
    (pad 1 smd roundrect (at -1 0) (size 1.2 1.4) (layers B.Cu B.Paste B.Mask) (roundrect_rratio 0.208333)
      (net 32 UART_TX0))
    (model ${KISYS3DMOD}/Resistor_SMD.3dshapes/R_0805_2012Metric.wrl
      (at (xyz 0 0 0))
      (scale (xyz 1 1 1))
      (rotate (xyz 0 0 0))
    )
  )

  (module Resistor_SMD:R_0805_2012Metric_Pad1.20x1.40mm_HandSolder (layer F.Cu) (tedit 5F68FEEE) (tstamp 61EC25FD)
    (at 64.008 41.021 90)
    (descr "Resistor SMD 0805 (2012 Metric), square (rectangular) end terminal, IPC_7351 nominal with elongated pad for handsoldering. (Body size source: IPC-SM-782 page 72, https://www.pcb-3d.com/wordpress/wp-content/uploads/ipc-sm-782a_amendment_1_and_2.pdf), generated with kicad-footprint-generator")
    (tags "resistor handsolder")
    (path /61FEB454)
    (attr smd)
    (fp_text reference R8 (at 0 -1.65 90) (layer F.SilkS)
      (effects (font (size 1 1) (thickness 0.15)))
    )
    (fp_text value 4k7 (at 0 1.65 90) (layer F.Fab)
      (effects (font (size 1 1) (thickness 0.15)))
    )
    (fp_line (start 1.85 0.95) (end -1.85 0.95) (layer F.CrtYd) (width 0.05))
    (fp_line (start 1.85 -0.95) (end 1.85 0.95) (layer F.CrtYd) (width 0.05))
    (fp_line (start -1.85 -0.95) (end 1.85 -0.95) (layer F.CrtYd) (width 0.05))
    (fp_line (start -1.85 0.95) (end -1.85 -0.95) (layer F.CrtYd) (width 0.05))
    (fp_line (start -0.227064 0.735) (end 0.227064 0.735) (layer F.SilkS) (width 0.12))
    (fp_line (start -0.227064 -0.735) (end 0.227064 -0.735) (layer F.SilkS) (width 0.12))
    (fp_line (start 1 0.625) (end -1 0.625) (layer F.Fab) (width 0.1))
    (fp_line (start 1 -0.625) (end 1 0.625) (layer F.Fab) (width 0.1))
    (fp_line (start -1 -0.625) (end 1 -0.625) (layer F.Fab) (width 0.1))
    (fp_line (start -1 0.625) (end -1 -0.625) (layer F.Fab) (width 0.1))
    (fp_text user %R (at 0 0 90) (layer F.Fab)
      (effects (font (size 0.5 0.5) (thickness 0.08)))
    )
    (pad 2 smd roundrect (at 1 0 90) (size 1.2 1.4) (layers F.Cu F.Paste F.Mask) (roundrect_rratio 0.208333)
      (net 11 +5V))
    (pad 1 smd roundrect (at -1 0 90) (size 1.2 1.4) (layers F.Cu F.Paste F.Mask) (roundrect_rratio 0.208333)
      (net 36 HC05_RX))
    (model ${KISYS3DMOD}/Resistor_SMD.3dshapes/R_0805_2012Metric.wrl
      (at (xyz 0 0 0))
      (scale (xyz 1 1 1))
      (rotate (xyz 0 0 0))
    )
  )

  (module Package_TO_SOT_SMD:SOT-23 (layer B.Cu) (tedit 5A02FF57) (tstamp 61EC34CC)
    (at 37.338 72.882 90)
    (descr "SOT-23, Standard")
    (tags SOT-23)
    (path /620150AF)
    (attr smd)
    (fp_text reference Q6 (at 0 2.5 90) (layer B.SilkS)
      (effects (font (size 1 1) (thickness 0.15)) (justify mirror))
    )
    (fp_text value 2N7002 (at 0 -2.5 90) (layer B.Fab)
      (effects (font (size 1 1) (thickness 0.15)) (justify mirror))
    )
    (fp_line (start 0.76 -1.58) (end -0.7 -1.58) (layer B.SilkS) (width 0.12))
    (fp_line (start 0.76 1.58) (end -1.4 1.58) (layer B.SilkS) (width 0.12))
    (fp_line (start -1.7 -1.75) (end -1.7 1.75) (layer B.CrtYd) (width 0.05))
    (fp_line (start 1.7 -1.75) (end -1.7 -1.75) (layer B.CrtYd) (width 0.05))
    (fp_line (start 1.7 1.75) (end 1.7 -1.75) (layer B.CrtYd) (width 0.05))
    (fp_line (start -1.7 1.75) (end 1.7 1.75) (layer B.CrtYd) (width 0.05))
    (fp_line (start 0.76 1.58) (end 0.76 0.65) (layer B.SilkS) (width 0.12))
    (fp_line (start 0.76 -1.58) (end 0.76 -0.65) (layer B.SilkS) (width 0.12))
    (fp_line (start -0.7 -1.52) (end 0.7 -1.52) (layer B.Fab) (width 0.1))
    (fp_line (start 0.7 1.52) (end 0.7 -1.52) (layer B.Fab) (width 0.1))
    (fp_line (start -0.7 0.95) (end -0.15 1.52) (layer B.Fab) (width 0.1))
    (fp_line (start -0.15 1.52) (end 0.7 1.52) (layer B.Fab) (width 0.1))
    (fp_line (start -0.7 0.95) (end -0.7 -1.5) (layer B.Fab) (width 0.1))
    (fp_text user %R (at 0 0 180) (layer B.Fab)
      (effects (font (size 0.5 0.5) (thickness 0.075)) (justify mirror))
    )
    (pad 3 smd rect (at 1 0 90) (size 0.9 0.8) (layers B.Cu B.Paste B.Mask)
      (net 38 ~HC05_KEY))
    (pad 2 smd rect (at -1 -0.95 90) (size 0.9 0.8) (layers B.Cu B.Paste B.Mask)
      (net 39 ~UART_KEY))
    (pad 1 smd rect (at -1 0.95 90) (size 0.9 0.8) (layers B.Cu B.Paste B.Mask)
      (net 4 +3V3))
    (model ${KISYS3DMOD}/Package_TO_SOT_SMD.3dshapes/SOT-23.wrl
      (at (xyz 0 0 0))
      (scale (xyz 1 1 1))
      (rotate (xyz 0 0 0))
    )
  )

  (module Package_TO_SOT_SMD:SOT-23 (layer B.Cu) (tedit 5A02FF57) (tstamp 61EC24F7)
    (at 38.989 66.786 90)
    (descr "SOT-23, Standard")
    (tags SOT-23)
    (path /61FEB44E)
    (attr smd)
    (fp_text reference Q5 (at 0.492 2.54 90) (layer B.SilkS)
      (effects (font (size 1 1) (thickness 0.15)) (justify mirror))
    )
    (fp_text value 2N7002 (at 0 -2.5 90) (layer B.Fab)
      (effects (font (size 1 1) (thickness 0.15)) (justify mirror))
    )
    (fp_line (start 0.76 -1.58) (end -0.7 -1.58) (layer B.SilkS) (width 0.12))
    (fp_line (start 0.76 1.58) (end -1.4 1.58) (layer B.SilkS) (width 0.12))
    (fp_line (start -1.7 -1.75) (end -1.7 1.75) (layer B.CrtYd) (width 0.05))
    (fp_line (start 1.7 -1.75) (end -1.7 -1.75) (layer B.CrtYd) (width 0.05))
    (fp_line (start 1.7 1.75) (end 1.7 -1.75) (layer B.CrtYd) (width 0.05))
    (fp_line (start -1.7 1.75) (end 1.7 1.75) (layer B.CrtYd) (width 0.05))
    (fp_line (start 0.76 1.58) (end 0.76 0.65) (layer B.SilkS) (width 0.12))
    (fp_line (start 0.76 -1.58) (end 0.76 -0.65) (layer B.SilkS) (width 0.12))
    (fp_line (start -0.7 -1.52) (end 0.7 -1.52) (layer B.Fab) (width 0.1))
    (fp_line (start 0.7 1.52) (end 0.7 -1.52) (layer B.Fab) (width 0.1))
    (fp_line (start -0.7 0.95) (end -0.15 1.52) (layer B.Fab) (width 0.1))
    (fp_line (start -0.15 1.52) (end 0.7 1.52) (layer B.Fab) (width 0.1))
    (fp_line (start -0.7 0.95) (end -0.7 -1.5) (layer B.Fab) (width 0.1))
    (fp_text user %R (at 0 0 180) (layer B.Fab)
      (effects (font (size 0.5 0.5) (thickness 0.075)) (justify mirror))
    )
    (pad 3 smd rect (at 1 0 90) (size 0.9 0.8) (layers B.Cu B.Paste B.Mask)
      (net 37 HC05_TX))
    (pad 2 smd rect (at -1 -0.95 90) (size 0.9 0.8) (layers B.Cu B.Paste B.Mask)
      (net 31 UART_RX0))
    (pad 1 smd rect (at -1 0.95 90) (size 0.9 0.8) (layers B.Cu B.Paste B.Mask)
      (net 4 +3V3))
    (model ${KISYS3DMOD}/Package_TO_SOT_SMD.3dshapes/SOT-23.wrl
      (at (xyz 0 0 0))
      (scale (xyz 1 1 1))
      (rotate (xyz 0 0 0))
    )
  )

  (module Package_TO_SOT_SMD:SOT-23 (layer B.Cu) (tedit 5A02FF57) (tstamp 61EC24E2)
    (at 34.544 63.992 90)
    (descr "SOT-23, Standard")
    (tags SOT-23)
    (path /61FEB448)
    (attr smd)
    (fp_text reference Q4 (at 0 2.5 90) (layer B.SilkS)
      (effects (font (size 1 1) (thickness 0.15)) (justify mirror))
    )
    (fp_text value 2N7002 (at 0 -2.5 90) (layer B.Fab)
      (effects (font (size 1 1) (thickness 0.15)) (justify mirror))
    )
    (fp_line (start 0.76 -1.58) (end -0.7 -1.58) (layer B.SilkS) (width 0.12))
    (fp_line (start 0.76 1.58) (end -1.4 1.58) (layer B.SilkS) (width 0.12))
    (fp_line (start -1.7 -1.75) (end -1.7 1.75) (layer B.CrtYd) (width 0.05))
    (fp_line (start 1.7 -1.75) (end -1.7 -1.75) (layer B.CrtYd) (width 0.05))
    (fp_line (start 1.7 1.75) (end 1.7 -1.75) (layer B.CrtYd) (width 0.05))
    (fp_line (start -1.7 1.75) (end 1.7 1.75) (layer B.CrtYd) (width 0.05))
    (fp_line (start 0.76 1.58) (end 0.76 0.65) (layer B.SilkS) (width 0.12))
    (fp_line (start 0.76 -1.58) (end 0.76 -0.65) (layer B.SilkS) (width 0.12))
    (fp_line (start -0.7 -1.52) (end 0.7 -1.52) (layer B.Fab) (width 0.1))
    (fp_line (start 0.7 1.52) (end 0.7 -1.52) (layer B.Fab) (width 0.1))
    (fp_line (start -0.7 0.95) (end -0.15 1.52) (layer B.Fab) (width 0.1))
    (fp_line (start -0.15 1.52) (end 0.7 1.52) (layer B.Fab) (width 0.1))
    (fp_line (start -0.7 0.95) (end -0.7 -1.5) (layer B.Fab) (width 0.1))
    (fp_text user %R (at 0 0 180) (layer B.Fab)
      (effects (font (size 0.5 0.5) (thickness 0.075)) (justify mirror))
    )
    (pad 3 smd rect (at 1 0 90) (size 0.9 0.8) (layers B.Cu B.Paste B.Mask)
      (net 36 HC05_RX))
    (pad 2 smd rect (at -1 -0.95 90) (size 0.9 0.8) (layers B.Cu B.Paste B.Mask)
      (net 32 UART_TX0))
    (pad 1 smd rect (at -1 0.95 90) (size 0.9 0.8) (layers B.Cu B.Paste B.Mask)
      (net 4 +3V3))
    (model ${KISYS3DMOD}/Package_TO_SOT_SMD.3dshapes/SOT-23.wrl
      (at (xyz 0 0 0))
      (scale (xyz 1 1 1))
      (rotate (xyz 0 0 0))
    )
  )

  (module Connector_PinHeader_2.54mm:PinHeader_1x06_P2.54mm_Vertical (layer F.Cu) (tedit 59FED5CC) (tstamp 61EC345C)
    (at 50.419 24.384 90)
    (descr "Through hole straight pin header, 1x06, 2.54mm pitch, single row")
    (tags "Through hole pin header THT 1x06 2.54mm single row")
    (path /6200DC8F)
    (fp_text reference J8 (at 0 -2.33 90) (layer F.SilkS)
      (effects (font (size 1 1) (thickness 0.15)))
    )
    (fp_text value "To HC-05 Module" (at -2.54 6.35) (layer F.Fab)
      (effects (font (size 1 1) (thickness 0.15)))
    )
    (fp_line (start 1.8 -1.8) (end -1.8 -1.8) (layer F.CrtYd) (width 0.05))
    (fp_line (start 1.8 14.5) (end 1.8 -1.8) (layer F.CrtYd) (width 0.05))
    (fp_line (start -1.8 14.5) (end 1.8 14.5) (layer F.CrtYd) (width 0.05))
    (fp_line (start -1.8 -1.8) (end -1.8 14.5) (layer F.CrtYd) (width 0.05))
    (fp_line (start -1.33 -1.33) (end 0 -1.33) (layer F.SilkS) (width 0.12))
    (fp_line (start -1.33 0) (end -1.33 -1.33) (layer F.SilkS) (width 0.12))
    (fp_line (start -1.33 1.27) (end 1.33 1.27) (layer F.SilkS) (width 0.12))
    (fp_line (start 1.33 1.27) (end 1.33 14.03) (layer F.SilkS) (width 0.12))
    (fp_line (start -1.33 1.27) (end -1.33 14.03) (layer F.SilkS) (width 0.12))
    (fp_line (start -1.33 14.03) (end 1.33 14.03) (layer F.SilkS) (width 0.12))
    (fp_line (start -1.27 -0.635) (end -0.635 -1.27) (layer F.Fab) (width 0.1))
    (fp_line (start -1.27 13.97) (end -1.27 -0.635) (layer F.Fab) (width 0.1))
    (fp_line (start 1.27 13.97) (end -1.27 13.97) (layer F.Fab) (width 0.1))
    (fp_line (start 1.27 -1.27) (end 1.27 13.97) (layer F.Fab) (width 0.1))
    (fp_line (start -0.635 -1.27) (end 1.27 -1.27) (layer F.Fab) (width 0.1))
    (fp_text user %R (at 0 6.35) (layer F.Fab)
      (effects (font (size 1 1) (thickness 0.15)))
    )
    (pad 6 thru_hole oval (at 0 12.7 90) (size 1.7 1.7) (drill 1) (layers *.Cu *.Mask))
    (pad 5 thru_hole oval (at 0 10.16 90) (size 1.7 1.7) (drill 1) (layers *.Cu *.Mask)
      (net 36 HC05_RX))
    (pad 4 thru_hole oval (at 0 7.62 90) (size 1.7 1.7) (drill 1) (layers *.Cu *.Mask)
      (net 37 HC05_TX))
    (pad 3 thru_hole oval (at 0 5.08 90) (size 1.7 1.7) (drill 1) (layers *.Cu *.Mask)
      (net 5 GND))
    (pad 2 thru_hole oval (at 0 2.54 90) (size 1.7 1.7) (drill 1) (layers *.Cu *.Mask)
      (net 11 +5V))
    (pad 1 thru_hole rect (at 0 0 90) (size 1.7 1.7) (drill 1) (layers *.Cu *.Mask)
      (net 38 ~HC05_KEY))
    (model ${KISYS3DMOD}/Connector_PinHeader_2.54mm.3dshapes/PinHeader_1x06_P2.54mm_Vertical.wrl
      (at (xyz 0 0 0))
      (scale (xyz 1 1 1))
      (rotate (xyz 0 0 0))
    )
  )

  (module "SnapEDA Library:SOIC127P600X155-8_R159_68_374R15" (layer F.Cu) (tedit 61EBD058) (tstamp 61EBED9C)
    (at 58.674 74.93 90)
    (path /61EBF6B7)
    (fp_text reference U2 (at 0 0 90) (layer F.SilkS)
      (effects (font (size 0.2 0.2) (thickness 0.15)))
    )
    (fp_text value MB85RS64V (at 11.0048 3.3936 90) (layer F.Fab)
      (effects (font (size 0.64 0.64) (thickness 0.15)))
    )
    (fp_line (start -2.5 -2.125) (end -2.5 -1.685) (layer F.Fab) (width 0.025))
    (fp_line (start -2.5 -1.685) (end -3 -1.685) (layer F.Fab) (width 0.025))
    (fp_line (start -3 -1.685) (end -3 -2.125) (layer F.Fab) (width 0.025))
    (fp_line (start -3 -2.125) (end -2.5 -2.125) (layer F.Fab) (width 0.025))
    (fp_line (start -2.5 -0.855) (end -2.5 -0.415) (layer F.Fab) (width 0.025))
    (fp_line (start -2.5 -0.415) (end -3 -0.415) (layer F.Fab) (width 0.025))
    (fp_line (start -3 -0.415) (end -3 -0.855) (layer F.Fab) (width 0.025))
    (fp_line (start -3 -0.855) (end -2.5 -0.855) (layer F.Fab) (width 0.025))
    (fp_line (start -2.5 0.415) (end -2.5 0.855) (layer F.Fab) (width 0.025))
    (fp_line (start -2.5 0.855) (end -3 0.855) (layer F.Fab) (width 0.025))
    (fp_line (start -3 0.855) (end -3 0.415) (layer F.Fab) (width 0.025))
    (fp_line (start -3 0.415) (end -2.5 0.415) (layer F.Fab) (width 0.025))
    (fp_line (start -2.5 1.685) (end -2.5 2.125) (layer F.Fab) (width 0.025))
    (fp_line (start -2.5 2.125) (end -3 2.125) (layer F.Fab) (width 0.025))
    (fp_line (start -3 2.125) (end -3 1.685) (layer F.Fab) (width 0.025))
    (fp_line (start -3 1.685) (end -2.5 1.685) (layer F.Fab) (width 0.025))
    (fp_line (start 2.5 2.125) (end 2.5 1.685) (layer F.Fab) (width 0.025))
    (fp_line (start 2.5 1.685) (end 3 1.685) (layer F.Fab) (width 0.025))
    (fp_line (start 3 1.685) (end 3 2.125) (layer F.Fab) (width 0.025))
    (fp_line (start 3 2.125) (end 2.5 2.125) (layer F.Fab) (width 0.025))
    (fp_line (start 2.5 0.855) (end 2.5 0.415) (layer F.Fab) (width 0.025))
    (fp_line (start 2.5 0.415) (end 3 0.415) (layer F.Fab) (width 0.025))
    (fp_line (start 3 0.415) (end 3 0.855) (layer F.Fab) (width 0.025))
    (fp_line (start 3 0.855) (end 2.5 0.855) (layer F.Fab) (width 0.025))
    (fp_line (start 2.5 -0.415) (end 2.5 -0.855) (layer F.Fab) (width 0.025))
    (fp_line (start 2.5 -0.855) (end 3 -0.855) (layer F.Fab) (width 0.025))
    (fp_line (start 3 -0.855) (end 3 -0.415) (layer F.Fab) (width 0.025))
    (fp_line (start 3 -0.415) (end 2.5 -0.415) (layer F.Fab) (width 0.025))
    (fp_line (start 2.5 -1.685) (end 2.5 -2.125) (layer F.Fab) (width 0.025))
    (fp_line (start 2.5 -2.125) (end 3 -2.125) (layer F.Fab) (width 0.025))
    (fp_line (start 3 -2.125) (end 3 -1.685) (layer F.Fab) (width 0.025))
    (fp_line (start 3 -1.685) (end 2.5 -1.685) (layer F.Fab) (width 0.025))
    (fp_line (start -1.95 -2.525) (end 1.95 -2.525) (layer F.Fab) (width 0.05))
    (fp_line (start 1.95 -2.525) (end 1.95 2.525) (layer F.Fab) (width 0.05))
    (fp_line (start 1.95 2.525) (end -1.95 2.525) (layer F.Fab) (width 0.05))
    (fp_line (start -1.95 2.525) (end -1.95 -2.525) (layer F.Fab) (width 0.05))
    (fp_line (start -2.1 2.775) (end 2.1 2.775) (layer F.SilkS) (width 0.15))
    (fp_line (start -2.1 -2.775) (end 2.1 -2.775) (layer F.SilkS) (width 0.15))
    (fp_line (start -2.2 2.775) (end 2.2 2.775) (layer F.CrtYd) (width 0.05))
    (fp_line (start 2.2 2.775) (end 2.2 2.495) (layer F.CrtYd) (width 0.05))
    (fp_line (start 2.2 2.495) (end 3.71 2.495) (layer F.CrtYd) (width 0.05))
    (fp_line (start 3.71 2.495) (end 3.71 -2.495) (layer F.CrtYd) (width 0.05))
    (fp_line (start 3.71 -2.495) (end 2.2 -2.495) (layer F.CrtYd) (width 0.05))
    (fp_line (start 2.2 -2.495) (end 2.2 -2.775) (layer F.CrtYd) (width 0.05))
    (fp_line (start 2.2 -2.775) (end -2.2 -2.775) (layer F.CrtYd) (width 0.05))
    (fp_line (start -2.2 -2.775) (end -2.2 -2.495) (layer F.CrtYd) (width 0.05))
    (fp_line (start -2.2 -2.495) (end -3.71 -2.495) (layer F.CrtYd) (width 0.05))
    (fp_line (start -3.71 -2.495) (end -3.71 2.495) (layer F.CrtYd) (width 0.05))
    (fp_line (start -3.71 2.495) (end -2.2 2.495) (layer F.CrtYd) (width 0.05))
    (fp_line (start -2.2 2.495) (end -2.2 2.775) (layer F.CrtYd) (width 0.05))
    (fp_circle (center -2.5 -3) (end -2.35 -3) (layer F.SilkS) (width 0.15))
    (fp_circle (center -1.7 -2.3) (end -1.625 -2.3) (layer F.Fab) (width 0.075))
    (fp_poly (pts (xy -2.665 -2.245) (xy -2.04 -2.245) (xy -2.0134 -2.2429) (xy -1.9875 -2.2367)
      (xy -1.9628 -2.2265) (xy -1.9401 -2.2125) (xy -1.9198 -2.1952) (xy -1.9025 -2.1749)
      (xy -1.8885 -2.1522) (xy -1.8783 -2.1275) (xy -1.8721 -2.1016) (xy -1.87 -1.735)
      (xy -1.8721 -1.7084) (xy -1.8783 -1.6825) (xy -1.8885 -1.6578) (xy -1.9025 -1.6351)
      (xy -1.9198 -1.6148) (xy -1.9401 -1.5975) (xy -1.9628 -1.5835) (xy -1.9875 -1.5733)
      (xy -2.0134 -1.5671) (xy -2.04 -1.565) (xy -3.29 -1.565) (xy -3.3166 -1.5671)
      (xy -3.3425 -1.5733) (xy -3.3672 -1.5835) (xy -3.3899 -1.5975) (xy -3.4102 -1.6148)
      (xy -3.4275 -1.6351) (xy -3.4415 -1.6578) (xy -3.4517 -1.6825) (xy -3.4579 -1.7084)
      (xy -3.46 -2.075) (xy -3.4579 -2.1016) (xy -3.4517 -2.1275) (xy -3.4415 -2.1522)
      (xy -3.4275 -2.1749) (xy -3.4102 -2.1952) (xy -3.3899 -2.2125) (xy -3.3672 -2.2265)
      (xy -3.3425 -2.2367) (xy -3.3166 -2.2429) (xy -3.29 -2.245)) (layer F.Mask) (width 0.01))
    (fp_poly (pts (xy -2.665 -0.975) (xy -2.04 -0.975) (xy -2.0134 -0.9729) (xy -1.9875 -0.9667)
      (xy -1.9628 -0.9565) (xy -1.9401 -0.9425) (xy -1.9198 -0.9252) (xy -1.9025 -0.9049)
      (xy -1.8885 -0.8822) (xy -1.8783 -0.8575) (xy -1.8721 -0.8316) (xy -1.87 -0.465)
      (xy -1.8721 -0.4384) (xy -1.8783 -0.4125) (xy -1.8885 -0.3878) (xy -1.9025 -0.3651)
      (xy -1.9198 -0.3448) (xy -1.9401 -0.3275) (xy -1.9628 -0.3135) (xy -1.9875 -0.3033)
      (xy -2.0134 -0.2971) (xy -2.04 -0.295) (xy -3.29 -0.295) (xy -3.3166 -0.2971)
      (xy -3.3425 -0.3033) (xy -3.3672 -0.3135) (xy -3.3899 -0.3275) (xy -3.4102 -0.3448)
      (xy -3.4275 -0.3651) (xy -3.4415 -0.3878) (xy -3.4517 -0.4125) (xy -3.4579 -0.4384)
      (xy -3.46 -0.805) (xy -3.4579 -0.8316) (xy -3.4517 -0.8575) (xy -3.4415 -0.8822)
      (xy -3.4275 -0.9049) (xy -3.4102 -0.9252) (xy -3.3899 -0.9425) (xy -3.3672 -0.9565)
      (xy -3.3425 -0.9667) (xy -3.3166 -0.9729) (xy -3.29 -0.975)) (layer F.Mask) (width 0.01))
    (fp_poly (pts (xy -2.665 0.295) (xy -2.04 0.295) (xy -2.0134 0.2971) (xy -1.9875 0.3033)
      (xy -1.9628 0.3135) (xy -1.9401 0.3275) (xy -1.9198 0.3448) (xy -1.9025 0.3651)
      (xy -1.8885 0.3878) (xy -1.8783 0.4125) (xy -1.8721 0.4384) (xy -1.87 0.805)
      (xy -1.8721 0.8316) (xy -1.8783 0.8575) (xy -1.8885 0.8822) (xy -1.9025 0.9049)
      (xy -1.9198 0.9252) (xy -1.9401 0.9425) (xy -1.9628 0.9565) (xy -1.9875 0.9667)
      (xy -2.0134 0.9729) (xy -2.04 0.975) (xy -3.29 0.975) (xy -3.3166 0.9729)
      (xy -3.3425 0.9667) (xy -3.3672 0.9565) (xy -3.3899 0.9425) (xy -3.4102 0.9252)
      (xy -3.4275 0.9049) (xy -3.4415 0.8822) (xy -3.4517 0.8575) (xy -3.4579 0.8316)
      (xy -3.46 0.465) (xy -3.4579 0.4384) (xy -3.4517 0.4125) (xy -3.4415 0.3878)
      (xy -3.4275 0.3651) (xy -3.4102 0.3448) (xy -3.3899 0.3275) (xy -3.3672 0.3135)
      (xy -3.3425 0.3033) (xy -3.3166 0.2971) (xy -3.29 0.295)) (layer F.Mask) (width 0.01))
    (fp_poly (pts (xy -2.665 1.565) (xy -2.04 1.565) (xy -2.0134 1.5671) (xy -1.9875 1.5733)
      (xy -1.9628 1.5835) (xy -1.9401 1.5975) (xy -1.9198 1.6148) (xy -1.9025 1.6351)
      (xy -1.8885 1.6578) (xy -1.8783 1.6825) (xy -1.8721 1.7084) (xy -1.87 2.075)
      (xy -1.8721 2.1016) (xy -1.8783 2.1275) (xy -1.8885 2.1522) (xy -1.9025 2.1749)
      (xy -1.9198 2.1952) (xy -1.9401 2.2125) (xy -1.9628 2.2265) (xy -1.9875 2.2367)
      (xy -2.0134 2.2429) (xy -2.04 2.245) (xy -3.29 2.245) (xy -3.3166 2.2429)
      (xy -3.3425 2.2367) (xy -3.3672 2.2265) (xy -3.3899 2.2125) (xy -3.4102 2.1952)
      (xy -3.4275 2.1749) (xy -3.4415 2.1522) (xy -3.4517 2.1275) (xy -3.4579 2.1016)
      (xy -3.46 1.735) (xy -3.4579 1.7084) (xy -3.4517 1.6825) (xy -3.4415 1.6578)
      (xy -3.4275 1.6351) (xy -3.4102 1.6148) (xy -3.3899 1.5975) (xy -3.3672 1.5835)
      (xy -3.3425 1.5733) (xy -3.3166 1.5671) (xy -3.29 1.565)) (layer F.Mask) (width 0.01))
    (fp_poly (pts (xy 2.665 2.245) (xy 2.04 2.245) (xy 2.0134 2.2429) (xy 1.9875 2.2367)
      (xy 1.9628 2.2265) (xy 1.9401 2.2125) (xy 1.9198 2.1952) (xy 1.9025 2.1749)
      (xy 1.8885 2.1522) (xy 1.8783 2.1275) (xy 1.8721 2.1016) (xy 1.87 1.735)
      (xy 1.8721 1.7084) (xy 1.8783 1.6825) (xy 1.8885 1.6578) (xy 1.9025 1.6351)
      (xy 1.9198 1.6148) (xy 1.9401 1.5975) (xy 1.9628 1.5835) (xy 1.9875 1.5733)
      (xy 2.0134 1.5671) (xy 2.04 1.565) (xy 3.29 1.565) (xy 3.3166 1.5671)
      (xy 3.3425 1.5733) (xy 3.3672 1.5835) (xy 3.3899 1.5975) (xy 3.4102 1.6148)
      (xy 3.4275 1.6351) (xy 3.4415 1.6578) (xy 3.4517 1.6825) (xy 3.4579 1.7084)
      (xy 3.46 2.075) (xy 3.4579 2.1016) (xy 3.4517 2.1275) (xy 3.4415 2.1522)
      (xy 3.4275 2.1749) (xy 3.4102 2.1952) (xy 3.3899 2.2125) (xy 3.3672 2.2265)
      (xy 3.3425 2.2367) (xy 3.3166 2.2429) (xy 3.29 2.245)) (layer F.Mask) (width 0.01))
    (fp_poly (pts (xy 2.665 0.975) (xy 2.04 0.975) (xy 2.0134 0.9729) (xy 1.9875 0.9667)
      (xy 1.9628 0.9565) (xy 1.9401 0.9425) (xy 1.9198 0.9252) (xy 1.9025 0.9049)
      (xy 1.8885 0.8822) (xy 1.8783 0.8575) (xy 1.8721 0.8316) (xy 1.87 0.465)
      (xy 1.8721 0.4384) (xy 1.8783 0.4125) (xy 1.8885 0.3878) (xy 1.9025 0.3651)
      (xy 1.9198 0.3448) (xy 1.9401 0.3275) (xy 1.9628 0.3135) (xy 1.9875 0.3033)
      (xy 2.0134 0.2971) (xy 2.04 0.295) (xy 3.29 0.295) (xy 3.3166 0.2971)
      (xy 3.3425 0.3033) (xy 3.3672 0.3135) (xy 3.3899 0.3275) (xy 3.4102 0.3448)
      (xy 3.4275 0.3651) (xy 3.4415 0.3878) (xy 3.4517 0.4125) (xy 3.4579 0.4384)
      (xy 3.46 0.805) (xy 3.4579 0.8316) (xy 3.4517 0.8575) (xy 3.4415 0.8822)
      (xy 3.4275 0.9049) (xy 3.4102 0.9252) (xy 3.3899 0.9425) (xy 3.3672 0.9565)
      (xy 3.3425 0.9667) (xy 3.3166 0.9729) (xy 3.29 0.975)) (layer F.Mask) (width 0.01))
